 Incident particle is a   Muon with M =   105.65839 MeV
 Index =  300:  sodium chloride (NaCl)
      Absorber with <Z/A> =  0.47910, density = 2.170 (revised)
 Sternheimer coef:  a     k=m_s   x_0    x_1    I[eV]   Cbar  delta0 
                 0.1596  3.0000  0.1995  2.9995  175.3  4.4227 0.00
 (Restricted energy loss for Tcut = 0.05 MeV
 Table written with (1X, 1P9E10.3,0PF8.4,f8.5,1pE10.3)          post-Born included in pair prod
 *** Results below 10 MeV are not dependable *** Ignore 1.0 MeV entries ***
      T         p     Ionization  brems     pair     photonuc  Radloss    dE/dx   CSDA Range  delta   beta   dE/dx_R
    [MeV]    [MeV/c]  -----------------------[MeV cm^2/g]------------------------  [g/cm^2]                [MeV cm^2/g]
  1.000E+00 1.457E+01 2.522E+00 0.000E+00 0.000E+00 4.645E-05 4.645E-05 5.045E+00 2.556E-03  0.0000 0.13661 3.693E+01
  1.200E+00 1.597E+01 3.204E+01 0.000E+00 0.000E+00 4.654E-05 4.654E-05 3.205E+01 8.387E-03  0.0000 0.14944 3.204E+01
  1.400E+00 1.726E+01 2.840E+01 0.000E+00 0.000E+00 4.662E-05 4.662E-05 2.840E+01 1.503E-02  0.0000 0.16119 2.840E+01
  1.700E+00 1.903E+01 2.438E+01 0.000E+00 0.000E+00 4.676E-05 4.676E-05 2.438E+01 2.647E-02  0.0000 0.17725 2.438E+01
  2.000E+00 2.066E+01 2.144E+01 0.000E+00 0.000E+00 4.689E-05 4.689E-05 2.144E+01 3.962E-02  0.0000 0.19186 2.144E+01
  2.500E+00 2.312E+01 1.797E+01 0.000E+00 0.000E+00 4.710E-05 4.710E-05 1.797E+01 6.521E-02  0.0000 0.21376 1.797E+01
  3.000E+00 2.536E+01 1.555E+01 0.000E+00 0.000E+00 4.732E-05 4.732E-05 1.555E+01 9.521E-02  0.0000 0.23336 1.536E+01
  3.500E+00 2.742E+01 1.377E+01 0.000E+00 0.000E+00 4.754E-05 4.754E-05 1.377E+01 1.295E-01  0.0000 0.25120 1.343E+01
  4.000E+00 2.935E+01 1.239E+01 0.000E+00 0.000E+00 4.776E-05 4.776E-05 1.239E+01 1.678E-01  0.0000 0.26763 1.196E+01
  4.500E+00 3.116E+01 1.129E+01 0.000E+00 0.000E+00 4.797E-05 4.797E-05 1.129E+01 2.101E-01  0.0000 0.28290 1.081E+01
  5.000E+00 3.289E+01 1.040E+01 0.000E+00 0.000E+00 4.819E-05 4.819E-05 1.040E+01 2.563E-01  0.0000 0.29720 9.874E+00
  5.500E+00 3.453E+01 9.653E+00 0.000E+00 0.000E+00 4.841E-05 4.841E-05 9.653E+00 3.063E-01  0.0000 0.31066 9.105E+00
  6.000E+00 3.611E+01 9.022E+00 0.000E+00 0.000E+00 4.863E-05 4.863E-05 9.023E+00 3.599E-01  0.0000 0.32339 8.460E+00
  7.000E+00 3.909E+01 8.011E+00 0.000E+00 0.000E+00 4.906E-05 4.906E-05 8.011E+00 4.777E-01  0.0000 0.34700 7.436E+00
  8.000E+00 4.189E+01 7.235E+00 0.000E+00 0.000E+00 4.950E-05 4.950E-05 7.235E+00 6.093E-01  0.0000 0.36854 6.659E+00
  9.000E+00 4.453E+01 6.620E+00 0.000E+00 0.000E+00 4.993E-05 4.993E-05 6.620E+00 7.540E-01  0.0000 0.38836 6.049E+00
  1.000E+01 4.704E+01 6.119E+00 0.000E+00 0.000E+00 5.037E-05 5.037E-05 6.120E+00 9.113E-01  0.0000 0.40675 5.557E+00
  1.200E+01 5.177E+01 5.354E+00 0.000E+00 0.000E+00 5.124E-05 5.124E-05 5.354E+00 1.262E+00  0.0000 0.43998 4.812E+00
  1.400E+01 5.616E+01 4.795E+00 0.000E+00 0.000E+00 5.211E-05 5.211E-05 4.795E+00 1.657E+00  0.0000 0.46937 4.274E+00
  1.700E+01 6.230E+01 4.192E+00 0.000E+00 0.000E+00 5.342E-05 5.342E-05 4.192E+00 2.329E+00  0.0000 0.50792 3.699E+00
  2.000E+01 6.802E+01 3.762E+00 0.000E+00 0.000E+00 5.473E-05 5.473E-05 3.762E+00 3.086E+00  0.0000 0.54129 3.293E+00
  2.500E+01 7.686E+01 3.266E+00 0.000E+00 0.000E+00 5.690E-05 5.690E-05 3.266E+00 4.518E+00  0.0000 0.58827 2.829E+00
  3.000E+01 8.509E+01 2.931E+00 0.000E+00 0.000E+00 5.908E-05 5.908E-05 2.931E+00 6.139E+00  0.0000 0.62720 2.518E+00
  3.500E+01 9.285E+01 2.691E+00 0.000E+00 0.000E+00 6.126E-05 6.126E-05 2.691E+00 7.922E+00  0.0000 0.66011 2.296E+00
  4.000E+01 1.003E+02 2.511E+00 0.000E+00 0.000E+00 6.344E-05 6.344E-05 2.511E+00 9.848E+00  0.0000 0.68834 2.130E+00
  4.500E+01 1.074E+02 2.371E+00 0.000E+00 0.000E+00 6.561E-05 6.561E-05 2.371E+00 1.190E+01  0.0000 0.71286 2.001E+00
  5.000E+01 1.143E+02 2.260E+00 0.000E+00 0.000E+00 6.779E-05 6.779E-05 2.260E+00 1.406E+01  0.0000 0.73434 1.899E+00
  5.500E+01 1.210E+02 2.169E+00 9.126E-07 0.000E+00 6.997E-05 7.088E-05 2.169E+00 1.632E+01  0.0000 0.75332 1.816E+00
  6.000E+01 1.276E+02 2.095E+00 1.960E-06 0.000E+00 7.215E-05 7.411E-05 2.095E+00 1.867E+01  0.0000 0.77019 1.747E+00
  7.000E+01 1.403E+02 1.981E+00 4.145E-06 0.000E+00 7.650E-05 8.065E-05 1.981E+00 2.358E+01  0.0000 0.79887 1.641E+00
  8.000E+01 1.527E+02 1.898E+00 6.444E-06 0.000E+00 8.086E-05 8.730E-05 1.898E+00 2.875E+01  0.0000 0.82227 1.563E+00
  9.000E+01 1.647E+02 1.836E+00 8.851E-06 0.000E+00 8.521E-05 9.406E-05 1.836E+00 3.411E+01  0.0000 0.84166 1.505E+00
  1.000E+02 1.764E+02 1.787E+00 1.136E-05 0.000E+00 8.957E-05 1.009E-04 1.787E+00 3.963E+01  0.0205 0.85794 1.457E+00
  1.200E+02 1.994E+02 1.718E+00 1.667E-05 0.000E+00 9.828E-05 1.149E-04 1.718E+00 5.106E+01  0.0727 0.88361 1.388E+00
  1.400E+02 2.218E+02 1.673E+00 2.233E-05 0.000E+00 1.070E-04 1.293E-04 1.673E+00 6.287E+01  0.1241 0.90278 1.341E+00
  1.700E+02 2.546E+02 1.633E+00 3.144E-05 0.000E+00 1.201E-04 1.515E-04 1.633E+00 8.104E+01  0.1989 0.92363 1.295E+00
  2.000E+02 2.868E+02 1.611E+00 4.119E-05 0.000E+00 1.331E-04 1.743E-04 1.611E+00 9.955E+01  0.2708 0.93835 1.267E+00
  2.500E+02 3.396E+02 1.596E+00 5.875E-05 0.000E+00 1.549E-04 2.136E-04 1.596E+00 1.308E+02  0.3839 0.95485 1.239E+00
  2.828E+02 3.738E+02 1.594E+00 7.772E-05 0.000E+00 1.767E-04 2.544E-04 1.595E+00  Minimum ionization
  3.000E+02 3.917E+02 1.594E+00 7.772E-05 0.000E+00 1.767E-04 2.544E-04 1.595E+00 1.621E+02  0.4894 0.96548 1.225E+00
  3.500E+02 4.432E+02 1.599E+00 9.792E-05 0.000E+00 1.984E-04 2.964E-04 1.599E+00 1.934E+02  0.5882 0.97274 1.217E+00
  4.000E+02 4.945E+02 1.607E+00 1.192E-04 0.000E+00 2.202E-04 3.395E-04 1.607E+00 2.246E+02  0.6811 0.97793 1.213E+00
  4.500E+02 5.455E+02 1.617E+00 1.415E-04 0.000E+00 2.420E-04 3.835E-04 1.617E+00 2.556E+02  0.7687 0.98176 1.211E+00
  5.000E+02 5.964E+02 1.627E+00 1.648E-04 0.000E+00 2.638E-04 4.285E-04 1.627E+00 2.865E+02  0.8517 0.98467 1.211E+00
  5.500E+02 6.471E+02 1.637E+00 1.888E-04 0.000E+00 2.855E-04 4.743E-04 1.638E+00 3.171E+02  0.9305 0.98693 1.212E+00
  6.000E+02 6.977E+02 1.648E+00 2.136E-04 0.000E+00 3.073E-04 5.209E-04 1.648E+00 3.475E+02  1.0056 0.98873 1.213E+00
  7.000E+02 7.987E+02 1.668E+00 2.653E-04 0.000E+00 3.509E-04 6.162E-04 1.668E+00 4.078E+02  1.1459 0.99136 1.216E+00
  8.000E+02 8.995E+02 1.687E+00 3.195E-04 0.000E+00 3.944E-04 7.139E-04 1.687E+00 4.674E+02  1.2751 0.99317 1.219E+00
  9.000E+02 1.000E+03 1.704E+00 3.759E-04 0.000E+00 4.380E-04 8.139E-04 1.705E+00 5.264E+02  1.3948 0.99447 1.222E+00
  1.000E+03 1.101E+03 1.721E+00 4.343E-04 1.717E-05 4.815E-04 9.330E-04 1.721E+00 5.847E+02  1.5065 0.99542 1.226E+00
  1.200E+03 1.301E+03 1.750E+00 5.565E-04 1.023E-04 5.686E-04 1.227E-03 1.751E+00 6.999E+02  1.7097 0.99672 1.232E+00
  1.400E+03 1.502E+03 1.775E+00 6.848E-04 1.990E-04 6.557E-04 1.540E-03 1.776E+00 8.133E+02  1.8913 0.99753 1.238E+00
  1.700E+03 1.803E+03 1.807E+00 8.871E-04 3.626E-04 7.864E-04 2.036E-03 1.809E+00 9.806E+02  2.1322 0.99829 1.245E+00
  2.000E+03 2.103E+03 1.834E+00 1.099E-03 5.451E-04 9.203E-04 2.565E-03 1.837E+00 1.145E+03  2.3441 0.99874 1.251E+00
  2.500E+03 2.604E+03 1.871E+00 1.472E-03 8.843E-04 1.156E-03 3.512E-03 1.875E+00 1.414E+03  2.6496 0.99918 1.259E+00
  3.000E+03 3.104E+03 1.902E+00 1.864E-03 1.260E-03 1.394E-03 4.518E-03 1.906E+00 1.679E+03  2.9111 0.99942 1.265E+00
  3.500E+03 3.604E+03 1.927E+00 2.272E-03 1.666E-03 1.635E-03 5.573E-03 1.932E+00 1.939E+03  3.1401 0.99957 1.270E+00
  4.000E+03 4.104E+03 1.948E+00 2.694E-03 2.099E-03 1.877E-03 6.670E-03 1.955E+00 2.197E+03  3.3441 0.99967 1.273E+00
  4.500E+03 4.604E+03 1.967E+00 3.128E-03 2.554E-03 2.122E-03 7.804E-03 1.974E+00 2.451E+03  3.5282 0.99974 1.277E+00
  5.000E+03 5.105E+03 1.983E+00 3.575E-03 3.033E-03 2.363E-03 8.971E-03 1.992E+00 2.703E+03  3.6960 0.99979 1.279E+00
  5.500E+03 5.605E+03 1.998E+00 4.038E-03 3.540E-03 2.586E-03 1.016E-02 2.008E+00 2.953E+03  3.8503 0.99982 1.282E+00
  6.000E+03 6.105E+03 2.011E+00 4.511E-03 4.065E-03 2.808E-03 1.138E-02 2.022E+00 3.201E+03  3.9932 0.99985 1.284E+00
  7.000E+03 7.105E+03 2.034E+00 5.482E-03 5.164E-03 3.249E-03 1.390E-02 2.048E+00 3.693E+03  4.2508 0.99989 1.287E+00
  8.000E+03 8.105E+03 2.053E+00 6.484E-03 6.319E-03 3.689E-03 1.649E-02 2.070E+00 4.178E+03  4.4784 0.99992 1.289E+00
  9.000E+03 9.105E+03 2.070E+00 7.513E-03 7.524E-03 4.126E-03 1.916E-02 2.089E+00 4.659E+03  4.6824 0.99993 1.291E+00
  1.000E+04 1.011E+04 2.085E+00 8.566E-03 8.775E-03 4.560E-03 2.190E-02 2.107E+00 5.136E+03  4.8673 0.99995 1.293E+00
  1.200E+04 1.211E+04 2.110E+00 1.075E-02 1.144E-02 5.403E-03 2.760E-02 2.138E+00 6.078E+03  5.1924 0.99996 1.296E+00
  1.400E+04 1.411E+04 2.131E+00 1.301E-02 1.425E-02 6.237E-03 3.350E-02 2.164E+00 7.008E+03  5.4721 0.99997 1.298E+00
  1.700E+04 1.711E+04 2.156E+00 1.651E-02 1.869E-02 7.474E-03 4.268E-02 2.198E+00 8.383E+03  5.8300 0.99998 1.300E+00
  2.000E+04 2.011E+04 2.176E+00 2.014E-02 2.335E-02 8.697E-03 5.219E-02 2.228E+00 9.738E+03  6.1340 0.99999 1.301E+00
  2.500E+04 2.511E+04 2.203E+00 2.640E-02 3.172E-02 1.073E-02 6.885E-02 2.272E+00 1.196E+04  6.5573 0.99999 1.303E+00
  3.000E+04 3.011E+04 2.224E+00 3.289E-02 4.054E-02 1.275E-02 8.618E-02 2.310E+00 1.414E+04  6.9076 0.99999 1.304E+00
  3.500E+04 3.511E+04 2.242E+00 3.956E-02 4.975E-02 1.474E-02 1.041E-01 2.346E+00 1.629E+04  7.2065 1.00000 1.304E+00
  4.000E+04 4.011E+04 2.257E+00 4.640E-02 5.928E-02 1.672E-02 1.224E-01 2.379E+00 1.841E+04  7.4673 1.00000 1.305E+00
  4.500E+04 4.511E+04 2.270E+00 5.338E-02 6.910E-02 1.868E-02 1.412E-01 2.411E+00 2.049E+04  7.6984 1.00000 1.305E+00
  5.000E+04 5.011E+04 2.281E+00 6.048E-02 7.917E-02 2.063E-02 1.603E-01 2.441E+00 2.255E+04  7.9061 1.00000 1.305E+00
  5.500E+04 5.511E+04 2.291E+00 6.765E-02 8.928E-02 2.262E-02 1.795E-01 2.471E+00 2.459E+04  8.0945 1.00000 1.305E+00
  6.000E+04 6.011E+04 2.300E+00 7.493E-02 9.958E-02 2.459E-02 1.991E-01 2.499E+00 2.660E+04  8.2669 1.00000 1.305E+00
  7.000E+04 7.011E+04 2.316E+00 8.973E-02 1.207E-01 2.852E-02 2.389E-01 2.555E+00 3.056E+04  8.5733 1.00000 1.305E+00
  8.000E+04 8.011E+04 2.330E+00 1.048E-01 1.424E-01 3.243E-02 2.797E-01 2.610E+00 3.443E+04  8.8394 1.00000 1.305E+00
  9.000E+04 9.011E+04 2.342E+00 1.202E-01 1.646E-01 3.633E-02 3.212E-01 2.663E+00 3.822E+04  9.0744 1.00000 1.305E+00
  1.000E+05 1.001E+05 2.352E+00 1.359E-01 1.873E-01 4.021E-02 3.634E-01 2.716E+00 4.194E+04  9.2848 1.00000 1.305E+00
  1.200E+05 1.201E+05 2.371E+00 1.675E-01 2.332E-01 4.808E-02 4.487E-01 2.819E+00 4.917E+04  9.6491 1.00000 1.305E+00
  1.400E+05 1.401E+05 2.386E+00 1.997E-01 2.804E-01 5.593E-02 5.360E-01 2.922E+00 5.614E+04  9.9572 1.00000 1.305E+00
  1.700E+05 1.701E+05 2.405E+00 2.492E-01 3.532E-01 6.767E-02 6.701E-01 3.075E+00 6.614E+04 10.3452 1.00000 1.305E+00
  2.000E+05 2.001E+05 2.421E+00 2.998E-01 4.280E-01 7.937E-02 8.072E-01 3.228E+00 7.567E+04 10.6701 1.00000 1.305E+00
  2.500E+05 2.501E+05 2.443E+00 3.847E-01 5.508E-01 9.917E-02 1.035E+00 3.478E+00 9.058E+04 11.1162 1.00000 1.305E+00
  3.000E+05 3.001E+05 2.461E+00 4.714E-01 6.765E-01 1.190E-01 1.267E+00 3.728E+00 1.045E+05 11.4807 1.00000 1.305E+00
  3.500E+05 3.501E+05 2.476E+00 5.596E-01 8.045E-01 1.388E-01 1.503E+00 3.979E+00 1.175E+05 11.7889 1.00000 1.305E+00
  4.000E+05 4.001E+05 2.489E+00 6.490E-01 9.346E-01 1.586E-01 1.742E+00 4.231E+00 1.296E+05 12.0559 1.00000 1.305E+00
  4.500E+05 4.501E+05 2.501E+00 7.396E-01 1.066E+00 1.783E-01 1.984E+00 4.485E+00 1.411E+05 12.2914 1.00000 1.305E+00
  5.000E+05 5.001E+05 2.511E+00 8.312E-01 1.200E+00 1.981E-01 2.229E+00 4.740E+00 1.520E+05 12.5020 1.00000 1.305E+00
  5.500E+05 5.501E+05 2.520E+00 9.221E-01 1.331E+00 2.184E-01 2.472E+00 4.992E+00 1.622E+05 12.6926 1.00000 1.305E+00
  5.605E+05 5.606E+05 2.522E+00 9.413E-01 1.359E+00 2.227E-01 2.523E+00 5.045E+00  Muon critical energy       
  6.000E+05 6.001E+05 2.529E+00 1.014E+00 1.463E+00 2.388E-01 2.716E+00 5.245E+00 1.720E+05 12.8666 1.00000 1.305E+00
  7.000E+05 7.001E+05 2.544E+00 1.199E+00 1.730E+00 2.796E-01 3.208E+00 5.752E+00 1.902E+05 13.1749 1.00000 1.305E+00
  8.000E+05 8.001E+05 2.558E+00 1.386E+00 2.000E+00 3.205E-01 3.706E+00 6.264E+00 2.069E+05 13.4419 1.00000 1.305E+00
  9.000E+05 9.001E+05 2.569E+00 1.574E+00 2.273E+00 3.615E-01 4.208E+00 6.778E+00 2.222E+05 13.6774 1.00000 1.305E+00
  1.000E+06 1.000E+06 2.580E+00 1.765E+00 2.547E+00 4.027E-01 4.715E+00 7.295E+00 2.364E+05 13.8881 1.00000 1.305E+00
  1.200E+06 1.200E+06 2.598E+00 2.144E+00 3.091E+00 4.865E-01 5.721E+00 8.320E+00 2.621E+05 14.2527 1.00000 1.305E+00
  1.400E+06 1.400E+06 2.614E+00 2.528E+00 3.639E+00 5.708E-01 6.737E+00 9.351E+00 2.847E+05 14.5610 1.00000 1.305E+00
  1.700E+06 1.700E+06 2.634E+00 3.109E+00 4.469E+00 6.981E-01 8.276E+00 1.091E+01 3.144E+05 14.9493 1.00000 1.305E+00
  2.000E+06 2.000E+06 2.650E+00 3.697E+00 5.308E+00 8.262E-01 9.831E+00 1.248E+01 3.401E+05 15.2743 1.00000 1.305E+00
  2.500E+06 2.500E+06 2.673E+00 4.670E+00 6.691E+00 1.045E+00 1.241E+01 1.508E+01 3.765E+05 15.7206 1.00000 1.305E+00
  3.000E+06 3.000E+06 2.692E+00 5.652E+00 8.084E+00 1.265E+00 1.500E+01 1.769E+01 4.071E+05 16.0852 1.00000 1.305E+00
  3.500E+06 3.500E+06 2.708E+00 6.642E+00 9.485E+00 1.487E+00 1.761E+01 2.032E+01 4.334E+05 16.3935 1.00000 1.305E+00
  4.000E+06 4.000E+06 2.723E+00 7.638E+00 1.089E+01 1.711E+00 2.024E+01 2.296E+01 4.566E+05 16.6605 1.00000 1.305E+00
  4.500E+06 4.500E+06 2.735E+00 8.639E+00 1.231E+01 1.936E+00 2.288E+01 2.562E+01 4.772E+05 16.8961 1.00000 1.305E+00
  5.000E+06 5.000E+06 2.746E+00 9.646E+00 1.373E+01 2.162E+00 2.554E+01 2.828E+01 4.957E+05 17.1068 1.00000 1.305E+00
  5.500E+06 5.500E+06 2.756E+00 1.064E+01 1.513E+01 2.393E+00 2.817E+01 3.092E+01 5.126E+05 17.2974 1.00000 1.305E+00
  6.000E+06 6.000E+06 2.766E+00 1.164E+01 1.654E+01 2.625E+00 3.081E+01 3.357E+01 5.282E+05 17.4715 1.00000 1.305E+00
  7.000E+06 7.000E+06 2.782E+00 1.365E+01 1.937E+01 3.093E+00 3.610E+01 3.889E+01 5.558E+05 17.7798 1.00000 1.305E+00
  8.000E+06 8.000E+06 2.797E+00 1.566E+01 2.220E+01 3.565E+00 4.142E+01 4.422E+01 5.799E+05 18.0468 1.00000 1.305E+00
  9.000E+06 9.000E+06 2.810E+00 1.768E+01 2.504E+01 4.040E+00 4.676E+01 4.957E+01 6.013E+05 18.2824 1.00000 1.305E+00
  1.000E+07 1.000E+07 2.821E+00 1.971E+01 2.789E+01 4.519E+00 5.212E+01 5.494E+01 6.204E+05 18.4931 1.00000 1.305E+00
  1.200E+07 1.200E+07 2.841E+00 2.375E+01 3.355E+01 5.494E+00 6.279E+01 6.563E+01 6.537E+05 18.8577 1.00000 1.305E+00
  1.400E+07 1.400E+07 2.859E+00 2.780E+01 3.923E+01 6.480E+00 7.350E+01 7.636E+01 6.819E+05 19.1660 1.00000 1.305E+00
  1.700E+07 1.700E+07 2.880E+00 3.389E+01 4.776E+01 7.977E+00 8.963E+01 9.251E+01 7.175E+05 19.5543 1.00000 1.305E+00
  2.000E+07 2.000E+07 2.899E+00 4.001E+01 5.632E+01 9.491E+00 1.058E+02 1.087E+02 7.474E+05 19.8794 1.00000 1.305E+00
  2.500E+07 2.500E+07 2.924E+00 5.016E+01 7.053E+01 1.208E+01 1.328E+02 1.357E+02 7.885E+05 20.3257 1.00000 1.305E+00
  3.000E+07 3.000E+07 2.945E+00 6.033E+01 8.477E+01 1.471E+01 1.598E+02 1.628E+02 8.221E+05 20.6903 1.00000 1.305E+00
  3.500E+07 3.500E+07 2.963E+00 7.052E+01 9.903E+01 1.737E+01 1.869E+02 1.899E+02 8.505E+05 20.9986 1.00000 1.305E+00
  4.000E+07 4.000E+07 2.979E+00 8.073E+01 1.133E+02 2.006E+01 2.141E+02 2.171E+02 8.751E+05 21.2657 1.00000 1.305E+00
  4.500E+07 4.500E+07 2.993E+00 9.096E+01 1.276E+02 2.277E+01 2.413E+02 2.443E+02 8.968E+05 21.5012 1.00000 1.305E+00
  5.000E+07 5.000E+07 3.005E+00 1.012E+02 1.419E+02 2.550E+01 2.686E+02 2.716E+02 9.162E+05 21.7120 1.00000 1.305E+00
  5.500E+07 5.500E+07 3.016E+00 1.114E+02 1.562E+02 2.828E+01 2.958E+02 2.989E+02 9.338E+05 21.9026 1.00000 1.305E+00
  6.000E+07 6.000E+07 3.027E+00 1.216E+02 1.704E+02 3.108E+01 3.231E+02 3.261E+02 9.498E+05 22.0766 1.00000 1.305E+00
  7.000E+07 7.000E+07 3.045E+00 1.421E+02 1.990E+02 3.673E+01 3.778E+02 3.808E+02 9.781E+05 22.3849 1.00000 1.305E+00
  8.000E+07 8.000E+07 3.061E+00 1.625E+02 2.275E+02 4.245E+01 4.325E+02 4.356E+02 1.003E+06 22.6520 1.00000 1.305E+00
  9.000E+07 9.000E+07 3.076E+00 1.830E+02 2.561E+02 4.822E+01 4.873E+02 4.904E+02 1.024E+06 22.8875 1.00000 1.305E+00
  1.000E+08 1.000E+08 3.088E+00 2.035E+02 2.847E+02 5.403E+01 5.423E+02 5.454E+02 1.044E+06 23.0982 1.00000 1.305E+00
  1.200E+08 1.200E+08 3.111E+00 2.442E+02 3.416E+02 6.484E+01 6.507E+02 6.538E+02 1.077E+06 23.4629 1.00000 1.305E+00
  1.400E+08 1.400E+08 3.130E+00 2.850E+02 3.986E+02 7.565E+01 7.592E+02 7.623E+02 1.105E+06 23.7712 1.00000 1.305E+00
  1.700E+08 1.700E+08 3.154E+00 3.460E+02 4.840E+02 9.186E+01 9.219E+02 9.250E+02 1.141E+06 24.1595 1.00000 1.305E+00
  2.000E+08 2.000E+08 3.175E+00 4.071E+02 5.694E+02 1.081E+02 1.085E+03 1.088E+03 1.171E+06 24.4845 1.00000 1.305E+00
  2.500E+08 2.500E+08 3.203E+00 5.088E+02 7.117E+02 1.351E+02 1.356E+03 1.359E+03 1.212E+06 24.9308 1.00000 1.305E+00
  3.000E+08 3.000E+08 3.227E+00 6.106E+02 8.541E+02 1.621E+02 1.627E+03 1.630E+03 1.246E+06 25.2955 1.00000 1.305E+00
  3.500E+08 3.500E+08 3.247E+00 7.124E+02 9.964E+02 1.891E+02 1.898E+03 1.901E+03 1.274E+06 25.6038 1.00000 1.305E+00
  4.000E+08 4.000E+08 3.264E+00 8.141E+02 1.139E+03 2.161E+02 2.169E+03 2.172E+03 1.298E+06 25.8708 1.00000 1.305E+00
  4.500E+08 4.500E+08 3.279E+00 9.159E+02 1.281E+03 2.432E+02 2.440E+03 2.443E+03 1.320E+06 26.1064 1.00000 1.305E+00
  5.000E+08 5.000E+08 3.293E+00 1.018E+03 1.423E+03 2.702E+02 2.711E+03 2.715E+03 1.340E+06 26.3171 1.00000 1.305E+00
  5.500E+08 5.500E+08 3.306E+00 1.119E+03 1.566E+03 2.972E+02 2.982E+03 2.986E+03 1.357E+06 26.5077 1.00000 1.305E+00
  6.000E+08 6.000E+08 3.318E+00 1.221E+03 1.708E+03 3.242E+02 3.254E+03 3.257E+03 1.373E+06 26.6818 1.00000 1.305E+00
  7.000E+08 7.000E+08 3.338E+00 1.425E+03 1.993E+03 3.782E+02 3.796E+03 3.799E+03 1.402E+06 26.9901 1.00000 1.305E+00
  8.000E+08 8.000E+08 3.356E+00 1.628E+03 2.278E+03 4.323E+02 4.338E+03 4.341E+03 1.426E+06 27.2571 1.00000 1.305E+00
  9.000E+08 9.000E+08 3.372E+00 1.832E+03 2.562E+03 4.863E+02 4.880E+03 4.884E+03 1.448E+06 27.4927 1.00000 1.305E+00
  1.000E+09 1.000E+09 3.387E+00 2.035E+03 2.847E+03 5.403E+02 5.423E+03 5.426E+03 1.467E+06 27.7034 1.00000 1.305E+00
