 Incident particle is a   Muon with M =   105.65839 MeV
 Index =  216:  polyvinyltoluene [(2-CH\sub{3}C\sub{6}H\sub{4}CHCH\sub{2})\sub{n}]
      Absorber with <Z/A> =  0.54141, density = 1.032          
 Sternheimer coef:  a     k=m_s   x_0    x_1    I[eV]   Cbar  delta0 
                 0.1610  3.2393  0.1464  2.4855   64.7  3.1997 0.00
 (Restricted energy loss for Tcut = 0.05 MeV
 Table written with (1X, 1P9E10.3,0PF8.4,f8.5,1pE10.3)          post-Born included in pair prod
 *** Results below 10 MeV are not dependable *** Ignore 1.0 MeV entries ***
      T         p     Ionization  brems     pair     photonuc  Radloss    dE/dx   CSDA Range  delta   beta   dE/dx_R
    [MeV]    [MeV/c]  -----------------------[MeV cm^2/g]------------------------  [g/cm^2]                [MeV cm^2/g]
  1.000E+00 1.457E+01 3.000E+00 0.000E+00 0.000E+00 5.088E-05 5.088E-05 6.000E+00 1.835E-03  0.0000 0.13661 5.061E+01
  1.200E+00 1.597E+01 4.363E+01 0.000E+00 0.000E+00 5.098E-05 5.098E-05 4.363E+01 6.104E-03  0.0000 0.14944 4.363E+01
  1.400E+00 1.726E+01 3.847E+01 0.000E+00 0.000E+00 5.108E-05 5.108E-05 3.847E+01 1.100E-02  0.0000 0.16119 3.847E+01
  1.700E+00 1.903E+01 3.282E+01 0.000E+00 0.000E+00 5.122E-05 5.122E-05 3.282E+01 1.947E-02  0.0000 0.17725 3.282E+01
  2.000E+00 2.066E+01 2.873E+01 0.000E+00 0.000E+00 5.136E-05 5.136E-05 2.873E+01 2.926E-02  0.0000 0.19186 2.873E+01
  2.500E+00 2.312E+01 2.393E+01 0.000E+00 0.000E+00 5.160E-05 5.160E-05 2.393E+01 4.842E-02  0.0000 0.21376 2.393E+01
  3.000E+00 2.536E+01 2.062E+01 0.000E+00 0.000E+00 5.184E-05 5.184E-05 2.062E+01 7.100E-02  0.0000 0.23336 2.040E+01
  3.500E+00 2.742E+01 1.818E+01 0.000E+00 0.000E+00 5.208E-05 5.208E-05 1.818E+01 9.688E-02  0.0000 0.25120 1.780E+01
  4.000E+00 2.935E+01 1.632E+01 0.000E+00 0.000E+00 5.232E-05 5.232E-05 1.632E+01 1.260E-01  0.0000 0.26763 1.583E+01
  4.500E+00 3.116E+01 1.483E+01 0.000E+00 0.000E+00 5.255E-05 5.255E-05 1.483E+01 1.581E-01  0.0000 0.28290 1.428E+01
  5.000E+00 3.289E+01 1.363E+01 0.000E+00 0.000E+00 5.279E-05 5.279E-05 1.363E+01 1.934E-01  0.0000 0.29720 1.303E+01
  5.500E+00 3.453E+01 1.263E+01 0.000E+00 0.000E+00 5.303E-05 5.303E-05 1.263E+01 2.315E-01  0.0000 0.31066 1.201E+01
  6.000E+00 3.611E+01 1.178E+01 0.000E+00 0.000E+00 5.327E-05 5.327E-05 1.178E+01 2.725E-01  0.0000 0.32339 1.114E+01
  7.000E+00 3.909E+01 1.043E+01 0.000E+00 0.000E+00 5.375E-05 5.375E-05 1.043E+01 3.630E-01  0.0000 0.34700 9.779E+00
  8.000E+00 4.189E+01 9.396E+00 0.000E+00 0.000E+00 5.422E-05 5.422E-05 9.396E+00 4.641E-01  0.0000 0.36854 8.745E+00
  9.000E+00 4.453E+01 8.579E+00 0.000E+00 0.000E+00 5.470E-05 5.470E-05 8.579E+00 5.757E-01  0.0000 0.38836 7.935E+00
  1.000E+01 4.704E+01 7.917E+00 0.000E+00 0.000E+00 5.518E-05 5.518E-05 7.917E+00 6.971E-01  0.0000 0.40675 7.282E+00
  1.200E+01 5.177E+01 6.907E+00 0.000E+00 0.000E+00 5.613E-05 5.613E-05 6.907E+00 9.685E-01  0.0000 0.43998 6.294E+00
  1.400E+01 5.616E+01 6.171E+00 0.000E+00 0.000E+00 5.709E-05 5.709E-05 6.171E+00 1.275E+00  0.0000 0.46937 5.582E+00
  1.700E+01 6.230E+01 5.379E+00 0.000E+00 0.000E+00 5.852E-05 5.852E-05 5.379E+00 1.798E+00  0.0000 0.50792 4.822E+00
  2.000E+01 6.802E+01 4.816E+00 0.000E+00 0.000E+00 5.995E-05 5.995E-05 4.816E+00 2.389E+00  0.0000 0.54129 4.287E+00
  2.500E+01 7.686E+01 4.170E+00 0.000E+00 0.000E+00 6.233E-05 6.233E-05 4.170E+00 3.509E+00  0.0000 0.58827 3.676E+00
  3.000E+01 8.509E+01 3.734E+00 0.000E+00 0.000E+00 6.472E-05 6.472E-05 3.734E+00 4.780E+00  0.0000 0.62720 3.267E+00
  3.500E+01 9.285E+01 3.421E+00 0.000E+00 0.000E+00 6.711E-05 6.711E-05 3.421E+00 6.182E+00  0.0000 0.66011 2.975E+00
  4.000E+01 1.003E+02 3.187E+00 0.000E+00 0.000E+00 6.949E-05 6.949E-05 3.187E+00 7.698E+00  0.0000 0.68834 2.757E+00
  4.500E+01 1.074E+02 3.005E+00 0.000E+00 0.000E+00 7.188E-05 7.188E-05 3.005E+00 9.315E+00  0.0000 0.71286 2.587E+00
  5.000E+01 1.143E+02 2.861E+00 2.548E-07 0.000E+00 7.426E-05 7.452E-05 2.861E+00 1.102E+01  0.0000 0.73434 2.453E+00
  5.500E+01 1.210E+02 2.744E+00 7.193E-07 0.000E+00 7.665E-05 7.737E-05 2.744E+00 1.281E+01  0.0000 0.75332 2.344E+00
  6.000E+01 1.276E+02 2.647E+00 1.198E-06 0.000E+00 7.903E-05 8.023E-05 2.647E+00 1.466E+01  0.0000 0.77019 2.254E+00
  7.000E+01 1.403E+02 2.498E+00 2.195E-06 0.000E+00 8.380E-05 8.600E-05 2.498E+00 1.856E+01  0.0000 0.79887 2.114E+00
  8.000E+01 1.527E+02 2.388E+00 3.243E-06 0.000E+00 8.857E-05 9.182E-05 2.388E+00 2.266E+01  0.0150 0.82227 2.010E+00
  9.000E+01 1.647E+02 2.303E+00 4.340E-06 0.000E+00 9.335E-05 9.769E-05 2.303E+00 2.692E+01  0.0547 0.84166 1.928E+00
  1.000E+02 1.764E+02 2.237E+00 5.482E-06 0.000E+00 9.812E-05 1.036E-04 2.237E+00 3.133E+01  0.0939 0.85794 1.863E+00
  1.200E+02 1.994E+02 2.143E+00 7.897E-06 0.000E+00 1.077E-04 1.156E-04 2.143E+00 4.048E+01  0.1706 0.88361 1.770E+00
  1.400E+02 2.218E+02 2.082E+00 1.047E-05 0.000E+00 1.172E-04 1.277E-04 2.082E+00 4.996E+01  0.2444 0.90278 1.707E+00
  1.700E+02 2.546E+02 2.025E+00 1.460E-05 0.000E+00 1.315E-04 1.461E-04 2.025E+00 6.459E+01  0.3499 0.92363 1.643E+00
  2.000E+02 2.868E+02 1.992E+00 1.903E-05 0.000E+00 1.458E-04 1.649E-04 1.992E+00 7.954E+01  0.4493 0.93835 1.603E+00
  2.500E+02 3.396E+02 1.965E+00 2.698E-05 0.000E+00 1.697E-04 1.967E-04 1.966E+00 1.048E+02  0.6034 0.95485 1.562E+00
  3.000E+02 3.917E+02 1.957E+00 3.557E-05 0.000E+00 1.935E-04 2.291E-04 1.957E+00 1.303E+02  0.7449 0.96548 1.539E+00
  3.246E+02 4.171E+02 1.956E+00 4.471E-05 0.000E+00 2.174E-04 2.621E-04 1.957E+00  Minimum ionization
  3.500E+02 4.432E+02 1.957E+00 4.471E-05 0.000E+00 2.174E-04 2.621E-04 1.957E+00 1.559E+02  0.8758 0.97274 1.525E+00
  4.000E+02 4.945E+02 1.962E+00 5.434E-05 0.000E+00 2.412E-04 2.956E-04 1.962E+00 1.814E+02  0.9977 0.97793 1.517E+00
  4.500E+02 5.455E+02 1.969E+00 6.442E-05 0.000E+00 2.651E-04 3.295E-04 1.969E+00 2.068E+02  1.1118 0.98176 1.511E+00
  5.000E+02 5.964E+02 1.978E+00 7.491E-05 0.000E+00 2.889E-04 3.639E-04 1.978E+00 2.322E+02  1.2190 0.98467 1.508E+00
  5.500E+02 6.471E+02 1.987E+00 8.576E-05 0.000E+00 3.128E-04 3.986E-04 1.987E+00 2.574E+02  1.3203 0.98693 1.506E+00
  6.000E+02 6.977E+02 1.996E+00 9.696E-05 0.000E+00 3.367E-04 4.336E-04 1.997E+00 2.825E+02  1.4163 0.98873 1.505E+00
  7.000E+02 7.987E+02 2.015E+00 1.203E-04 0.000E+00 3.844E-04 5.047E-04 2.016E+00 3.323E+02  1.5944 0.99136 1.504E+00
  8.000E+02 8.995E+02 2.033E+00 1.447E-04 0.000E+00 4.321E-04 5.768E-04 2.034E+00 3.817E+02  1.7569 0.99317 1.505E+00
  9.000E+02 1.000E+03 2.050E+00 1.702E-04 0.000E+00 4.798E-04 6.500E-04 2.051E+00 4.307E+02  1.9065 0.99447 1.506E+00
  1.000E+03 1.101E+03 2.066E+00 1.965E-04 4.015E-06 5.275E-04 7.280E-04 2.067E+00 4.792E+02  2.0452 0.99542 1.507E+00
  1.200E+03 1.301E+03 2.095E+00 2.516E-04 3.965E-05 6.229E-04 9.141E-04 2.096E+00 5.753E+02  2.2956 0.99672 1.510E+00
  1.400E+03 1.502E+03 2.120E+00 3.094E-04 8.024E-05 7.183E-04 1.108E-03 2.121E+00 6.702E+02  2.5172 0.99753 1.513E+00
  1.700E+03 1.803E+03 2.152E+00 4.005E-04 1.490E-04 8.614E-04 1.411E-03 2.153E+00 8.105E+02  2.8086 0.99829 1.517E+00
  2.000E+03 2.103E+03 2.179E+00 4.961E-04 2.258E-04 1.008E-03 1.730E-03 2.181E+00 9.489E+02  3.0623 0.99874 1.520E+00
  2.500E+03 2.604E+03 2.216E+00 6.638E-04 3.687E-04 1.263E-03 2.296E-03 2.219E+00 1.176E+03  3.4244 0.99918 1.524E+00
  3.000E+03 3.104E+03 2.246E+00 8.401E-04 5.271E-04 1.522E-03 2.889E-03 2.249E+00 1.400E+03  3.7310 0.99942 1.527E+00
  3.500E+03 3.604E+03 2.272E+00 1.024E-03 6.985E-04 1.783E-03 3.505E-03 2.275E+00 1.621E+03  3.9971 0.99957 1.529E+00
  4.000E+03 4.104E+03 2.293E+00 1.214E-03 8.811E-04 2.046E-03 4.141E-03 2.297E+00 1.840E+03  4.2323 0.99967 1.531E+00
  4.500E+03 4.604E+03 2.312E+00 1.409E-03 1.074E-03 2.311E-03 4.793E-03 2.317E+00 2.056E+03  4.4432 0.99974 1.532E+00
  5.000E+03 5.105E+03 2.329E+00 1.610E-03 1.278E-03 2.571E-03 5.459E-03 2.334E+00 2.271E+03  4.6343 0.99979 1.533E+00
  5.500E+03 5.605E+03 2.344E+00 1.820E-03 1.501E-03 2.811E-03 6.132E-03 2.350E+00 2.485E+03  4.8090 0.99982 1.534E+00
  6.000E+03 6.105E+03 2.357E+00 2.034E-03 1.732E-03 3.051E-03 6.816E-03 2.364E+00 2.697E+03  4.9700 0.99985 1.535E+00
  7.000E+03 7.105E+03 2.380E+00 2.473E-03 2.218E-03 3.526E-03 8.217E-03 2.389E+00 3.118E+03  5.2584 0.99989 1.536E+00
  8.000E+03 8.105E+03 2.400E+00 2.927E-03 2.730E-03 3.998E-03 9.655E-03 2.410E+00 3.534E+03  5.5112 0.99992 1.537E+00
  9.000E+03 9.105E+03 2.418E+00 3.393E-03 3.265E-03 4.468E-03 1.113E-02 2.429E+00 3.948E+03  5.7363 0.99993 1.538E+00
  1.000E+04 1.011E+04 2.433E+00 3.871E-03 3.823E-03 4.934E-03 1.263E-02 2.445E+00 4.358E+03  5.9391 0.99995 1.538E+00
  1.200E+04 1.211E+04 2.459E+00 4.866E-03 5.027E-03 5.837E-03 1.573E-02 2.474E+00 5.171E+03  6.2928 0.99996 1.539E+00
  1.400E+04 1.411E+04 2.480E+00 5.897E-03 6.300E-03 6.730E-03 1.893E-02 2.499E+00 5.975E+03  6.5944 0.99997 1.539E+00
  1.700E+04 1.711E+04 2.506E+00 7.499E-03 8.315E-03 8.052E-03 2.387E-02 2.530E+00 7.168E+03  6.9767 0.99998 1.539E+00
  2.000E+04 2.011E+04 2.528E+00 9.156E-03 1.044E-02 9.358E-03 2.895E-02 2.557E+00 8.347E+03  7.2983 0.99999 1.539E+00
  2.500E+04 2.511E+04 2.557E+00 1.204E-02 1.425E-02 1.153E-02 3.782E-02 2.595E+00 1.029E+04  7.7417 0.99999 1.539E+00
  3.000E+04 3.011E+04 2.580E+00 1.503E-02 1.828E-02 1.368E-02 4.699E-02 2.627E+00 1.220E+04  8.1048 0.99999 1.539E+00
  3.500E+04 3.511E+04 2.599E+00 1.812E-02 2.249E-02 1.581E-02 5.641E-02 2.655E+00 1.410E+04  8.4121 1.00000 1.539E+00
  4.000E+04 4.011E+04 2.615E+00 2.128E-02 2.685E-02 1.791E-02 6.604E-02 2.681E+00 1.597E+04  8.6784 1.00000 1.539E+00
  4.500E+04 4.511E+04 2.629E+00 2.451E-02 3.135E-02 2.000E-02 7.586E-02 2.705E+00 1.783E+04  8.9134 1.00000 1.539E+00
  5.000E+04 5.011E+04 2.642E+00 2.781E-02 3.597E-02 2.207E-02 8.585E-02 2.728E+00 1.967E+04  9.1237 1.00000 1.539E+00
  5.500E+04 5.511E+04 2.653E+00 3.115E-02 4.063E-02 2.418E-02 9.597E-02 2.749E+00 2.149E+04  9.3139 1.00000 1.539E+00
  6.000E+04 6.011E+04 2.664E+00 3.455E-02 4.538E-02 2.629E-02 1.062E-01 2.770E+00 2.330E+04  9.4876 1.00000 1.539E+00
  7.000E+04 7.011E+04 2.682E+00 4.148E-02 5.514E-02 3.047E-02 1.271E-01 2.809E+00 2.689E+04  9.7954 1.00000 1.539E+00
  8.000E+04 8.011E+04 2.697E+00 4.856E-02 6.519E-02 3.463E-02 1.484E-01 2.845E+00 3.043E+04 10.0621 1.00000 1.539E+00
  9.000E+04 9.011E+04 2.710E+00 5.578E-02 7.550E-02 3.877E-02 1.700E-01 2.880E+00 3.392E+04 10.2974 1.00000 1.539E+00
  1.000E+05 1.001E+05 2.722E+00 6.312E-02 8.603E-02 4.288E-02 1.920E-01 2.914E+00 3.737E+04 10.5078 1.00000 1.539E+00
  1.200E+05 1.201E+05 2.743E+00 7.796E-02 1.074E-01 5.125E-02 2.366E-01 2.980E+00 4.416E+04 10.8721 1.00000 1.539E+00
  1.400E+05 1.401E+05 2.760E+00 9.315E-02 1.293E-01 5.959E-02 2.821E-01 3.042E+00 5.080E+04 11.1802 1.00000 1.539E+00
  1.700E+05 1.701E+05 2.782E+00 1.165E-01 1.633E-01 7.205E-02 3.518E-01 3.134E+00 6.051E+04 11.5682 1.00000 1.539E+00
  2.000E+05 2.001E+05 2.800E+00 1.403E-01 1.982E-01 8.446E-02 4.230E-01 3.223E+00 6.995E+04 11.8931 1.00000 1.539E+00
  2.500E+05 2.501E+05 2.825E+00 1.806E-01 2.561E-01 1.055E-01 5.421E-01 3.367E+00 8.513E+04 12.3392 1.00000 1.539E+00
  3.000E+05 3.001E+05 2.845E+00 2.218E-01 3.154E-01 1.265E-01 6.637E-01 3.509E+00 9.967E+04 12.7037 1.00000 1.539E+00
  3.500E+05 3.501E+05 2.862E+00 2.637E-01 3.761E-01 1.475E-01 7.873E-01 3.649E+00 1.136E+05 13.0119 1.00000 1.539E+00
  4.000E+05 4.001E+05 2.877E+00 3.063E-01 4.378E-01 1.686E-01 9.127E-01 3.790E+00 1.271E+05 13.2788 1.00000 1.539E+00
  4.500E+05 4.501E+05 2.890E+00 3.495E-01 5.004E-01 1.896E-01 1.040E+00 3.929E+00 1.400E+05 13.5144 1.00000 1.539E+00
  5.000E+05 5.001E+05 2.902E+00 3.933E-01 5.639E-01 2.106E-01 1.168E+00 4.069E+00 1.526E+05 13.7250 1.00000 1.539E+00
  5.500E+05 5.501E+05 2.912E+00 4.367E-01 6.266E-01 2.321E-01 1.296E+00 4.208E+00 1.646E+05 13.9156 1.00000 1.539E+00
  6.000E+05 6.001E+05 2.922E+00 4.806E-01 6.900E-01 2.537E-01 1.424E+00 4.346E+00 1.763E+05 14.0896 1.00000 1.539E+00
  7.000E+05 7.001E+05 2.939E+00 5.692E-01 8.181E-01 2.971E-01 1.684E+00 4.624E+00 1.986E+05 14.3979 1.00000 1.539E+00
  8.000E+05 8.001E+05 2.954E+00 6.590E-01 9.480E-01 3.406E-01 1.948E+00 4.902E+00 2.196E+05 14.6649 1.00000 1.539E+00
  9.000E+05 9.001E+05 2.968E+00 7.497E-01 1.079E+00 3.842E-01 2.213E+00 5.181E+00 2.395E+05 14.9004 1.00000 1.539E+00
  1.000E+06 1.000E+06 2.980E+00 8.414E-01 1.212E+00 4.279E-01 2.482E+00 5.461E+00 2.583E+05 15.1111 1.00000 1.539E+00
  1.194E+06 1.195E+06 3.000E+00 1.019E+00 1.466E+00 5.147E-01 3.000E+00 6.000E+00  Muon critical energy       
  1.200E+06 1.200E+06 3.000E+00 1.024E+00 1.474E+00 5.172E-01 3.015E+00 6.015E+00 2.932E+05 15.4757 1.00000 1.539E+00
  1.400E+06 1.400E+06 3.018E+00 1.209E+00 1.738E+00 6.070E-01 3.554E+00 6.572E+00 3.250E+05 15.7840 1.00000 1.539E+00
  1.700E+06 1.700E+06 3.040E+00 1.490E+00 2.139E+00 7.426E-01 4.371E+00 7.412E+00 3.679E+05 16.1723 1.00000 1.539E+00
  2.000E+06 2.000E+06 3.059E+00 1.774E+00 2.545E+00 8.790E-01 5.198E+00 8.257E+00 4.062E+05 16.4973 1.00000 1.539E+00
  2.500E+06 2.500E+06 3.085E+00 2.246E+00 3.213E+00 1.112E+00 6.571E+00 9.656E+00 4.622E+05 16.9436 1.00000 1.539E+00
  3.000E+06 3.000E+06 3.106E+00 2.723E+00 3.888E+00 1.347E+00 7.958E+00 1.106E+01 5.105E+05 17.3082 1.00000 1.539E+00
  3.500E+06 3.500E+06 3.125E+00 3.204E+00 4.567E+00 1.584E+00 9.356E+00 1.248E+01 5.531E+05 17.6165 1.00000 1.539E+00
  4.000E+06 4.000E+06 3.141E+00 3.689E+00 5.251E+00 1.823E+00 1.076E+01 1.390E+01 5.910E+05 17.8835 1.00000 1.539E+00
  4.500E+06 4.500E+06 3.155E+00 4.177E+00 5.938E+00 2.064E+00 1.218E+01 1.533E+01 6.252E+05 18.1191 1.00000 1.539E+00
  5.000E+06 5.000E+06 3.167E+00 4.667E+00 6.628E+00 2.305E+00 1.360E+01 1.677E+01 6.564E+05 18.3298 1.00000 1.539E+00
  5.500E+06 5.500E+06 3.179E+00 5.153E+00 7.310E+00 2.553E+00 1.502E+01 1.819E+01 6.850E+05 18.5204 1.00000 1.539E+00
  6.000E+06 6.000E+06 3.189E+00 5.640E+00 7.994E+00 2.801E+00 1.643E+01 1.962E+01 7.115E+05 18.6945 1.00000 1.539E+00
  7.000E+06 7.000E+06 3.208E+00 6.618E+00 9.366E+00 3.302E+00 1.929E+01 2.249E+01 7.590E+05 19.0028 1.00000 1.539E+00
  8.000E+06 8.000E+06 3.225E+00 7.602E+00 1.074E+01 3.807E+00 2.215E+01 2.538E+01 8.009E+05 19.2698 1.00000 1.539E+00
  9.000E+06 9.000E+06 3.239E+00 8.590E+00 1.212E+01 4.317E+00 2.503E+01 2.827E+01 8.382E+05 19.5054 1.00000 1.539E+00
  1.000E+07 1.000E+07 3.252E+00 9.582E+00 1.351E+01 4.830E+00 2.792E+01 3.117E+01 8.719E+05 19.7161 1.00000 1.539E+00
  1.200E+07 1.200E+07 3.275E+00 1.155E+01 1.626E+01 5.877E+00 3.369E+01 3.697E+01 9.307E+05 20.0807 1.00000 1.539E+00
  1.400E+07 1.400E+07 3.294E+00 1.353E+01 1.902E+01 6.937E+00 3.949E+01 4.279E+01 9.810E+05 20.3890 1.00000 1.539E+00
  1.700E+07 1.700E+07 3.319E+00 1.652E+01 2.317E+01 8.546E+00 4.824E+01 5.156E+01 1.045E+06 20.7773 1.00000 1.539E+00
  2.000E+07 2.000E+07 3.340E+00 1.952E+01 2.734E+01 1.017E+01 5.703E+01 6.037E+01 1.098E+06 21.1024 1.00000 1.539E+00
  2.500E+07 2.500E+07 3.369E+00 2.449E+01 3.425E+01 1.296E+01 7.170E+01 7.507E+01 1.173E+06 21.5487 1.00000 1.539E+00
  3.000E+07 3.000E+07 3.392E+00 2.948E+01 4.117E+01 1.580E+01 8.644E+01 8.984E+01 1.233E+06 21.9133 1.00000 1.539E+00
  3.500E+07 3.500E+07 3.412E+00 3.448E+01 4.811E+01 1.867E+01 1.013E+02 1.047E+02 1.285E+06 22.2216 1.00000 1.539E+00
  4.000E+07 4.000E+07 3.430E+00 3.949E+01 5.505E+01 2.157E+01 1.161E+02 1.195E+02 1.330E+06 22.4887 1.00000 1.539E+00
  4.500E+07 4.500E+07 3.446E+00 4.452E+01 6.200E+01 2.450E+01 1.310E+02 1.345E+02 1.369E+06 22.7242 1.00000 1.539E+00
  5.000E+07 5.000E+07 3.460E+00 4.955E+01 6.896E+01 2.745E+01 1.460E+02 1.494E+02 1.404E+06 22.9349 1.00000 1.539E+00
  5.500E+07 5.500E+07 3.473E+00 5.456E+01 7.590E+01 3.046E+01 1.609E+02 1.644E+02 1.436E+06 23.1256 1.00000 1.539E+00
  6.000E+07 6.000E+07 3.484E+00 5.957E+01 8.284E+01 3.349E+01 1.759E+02 1.794E+02 1.465E+06 23.2996 1.00000 1.539E+00
  7.000E+07 7.000E+07 3.505E+00 6.960E+01 9.672E+01 3.962E+01 2.059E+02 2.094E+02 1.517E+06 23.6079 1.00000 1.539E+00
  8.000E+07 8.000E+07 3.523E+00 7.965E+01 1.106E+02 4.581E+01 2.361E+02 2.396E+02 1.561E+06 23.8750 1.00000 1.539E+00
  9.000E+07 9.000E+07 3.540E+00 8.970E+01 1.245E+02 5.207E+01 2.663E+02 2.698E+02 1.601E+06 24.1105 1.00000 1.539E+00
  1.000E+08 1.000E+08 3.554E+00 9.977E+01 1.384E+02 5.838E+01 2.966E+02 3.001E+02 1.636E+06 24.3212 1.00000 1.539E+00
  1.200E+08 1.200E+08 3.580E+00 1.197E+02 1.661E+02 7.006E+01 3.559E+02 3.595E+02 1.697E+06 24.6859 1.00000 1.539E+00
  1.400E+08 1.400E+08 3.601E+00 1.397E+02 1.938E+02 8.173E+01 4.152E+02 4.188E+02 1.748E+06 24.9942 1.00000 1.539E+00
  1.700E+08 1.700E+08 3.629E+00 1.696E+02 2.353E+02 9.925E+01 5.042E+02 5.078E+02 1.813E+06 25.3825 1.00000 1.539E+00
  2.000E+08 2.000E+08 3.652E+00 1.995E+02 2.769E+02 1.168E+02 5.932E+02 5.968E+02 1.868E+06 25.7075 1.00000 1.539E+00
  2.500E+08 2.500E+08 3.684E+00 2.494E+02 3.461E+02 1.460E+02 7.415E+02 7.452E+02 1.942E+06 26.1538 1.00000 1.539E+00
  3.000E+08 3.000E+08 3.710E+00 2.993E+02 4.153E+02 1.751E+02 8.898E+02 8.935E+02 2.004E+06 26.5185 1.00000 1.539E+00
  3.500E+08 3.500E+08 3.733E+00 3.492E+02 4.845E+02 2.043E+02 1.038E+03 1.042E+03 2.055E+06 26.8268 1.00000 1.539E+00
  4.000E+08 4.000E+08 3.753E+00 3.991E+02 5.538E+02 2.335E+02 1.186E+03 1.190E+03 2.100E+06 27.0938 1.00000 1.539E+00
  4.500E+08 4.500E+08 3.770E+00 4.490E+02 6.230E+02 2.627E+02 1.335E+03 1.338E+03 2.140E+06 27.3294 1.00000 1.539E+00
  5.000E+08 5.000E+08 3.786E+00 4.989E+02 6.922E+02 2.919E+02 1.483E+03 1.487E+03 2.175E+06 27.5401 1.00000 1.539E+00
  5.500E+08 5.500E+08 3.800E+00 5.488E+02 7.614E+02 3.211E+02 1.631E+03 1.635E+03 2.207E+06 27.7307 1.00000 1.539E+00
  6.000E+08 6.000E+08 3.813E+00 5.986E+02 8.306E+02 3.503E+02 1.780E+03 1.783E+03 2.237E+06 27.9048 1.00000 1.539E+00
  7.000E+08 7.000E+08 3.836E+00 6.984E+02 9.691E+02 4.087E+02 2.076E+03 2.080E+03 2.288E+06 28.2131 1.00000 1.539E+00
  8.000E+08 8.000E+08 3.857E+00 7.982E+02 1.108E+03 4.671E+02 2.373E+03 2.377E+03 2.333E+06 28.4801 1.00000 1.539E+00
  9.000E+08 9.000E+08 3.875E+00 8.980E+02 1.246E+03 5.254E+02 2.669E+03 2.673E+03 2.373E+06 28.7157 1.00000 1.539E+00
  1.000E+09 1.000E+09 3.891E+00 9.977E+02 1.384E+03 5.838E+02 2.966E+03 2.970E+03 2.408E+06 28.9264 1.00000 1.539E+00
